-9.75614e+09,1.79429e+10,0
-9.32238e+09,5.32779e+09,1.73735e+10
-9.75614e+09,1.79429e+10,0
-2.04117e+10,-7.01843e+08,0
-2.04117e+10,-7.01843e+08,0
-9.32238e+09,5.32779e+09,1.73735e+10
-9.75614e+09,1.79429e+10,0
-2.04117e+10,-7.01843e+08,0
-9.75614e+09,1.79429e+10,0
-9.32238e+09,5.32779e+09,-1.73735e+10
-9.32238e+09,5.32779e+09,-1.73735e+10
-2.04117e+10,-7.01843e+08,0
-9.75614e+09,1.79429e+10,0
-9.32238e+09,5.32779e+09,-1.73735e+10
-9.75614e+09,1.79429e+10,0
8.62054e+09,1.50839e+10,-1.07374e+10
-9.32238e+09,5.32779e+09,-1.73735e+10
8.62054e+09,1.50839e+10,-1.07374e+10
-9.75614e+09,1.79429e+10,0
8.62054e+09,1.50839e+10,-1.07374e+10
-9.75614e+09,1.79429e+10,0
8.62054e+09,1.50839e+10,1.07374e+10
8.62054e+09,1.50839e+10,1.07374e+10
8.62054e+09,1.50839e+10,-1.07374e+10
-9.75614e+09,1.79429e+10,0
8.62054e+09,1.50839e+10,1.07374e+10
-9.75614e+09,1.79429e+10,0
-9.32238e+09,5.32779e+09,1.73735e+10
-9.32238e+09,5.32779e+09,1.73735e+10
8.62054e+09,1.50839e+10,1.07374e+10
9.75614e+09,-1.79429e+10,0
-8.62054e+09,-1.50839e+10,1.07374e+10
9.75614e+09,-1.79429e+10,0
-8.62054e+09,-1.50839e+10,-1.07374e+10
-8.62054e+09,-1.50839e+10,1.07374e+10
-8.62054e+09,-1.50839e+10,-1.07374e+10
9.75614e+09,-1.79429e+10,0
9.32238e+09,-5.32779e+09,-1.73735e+10
9.75614e+09,-1.79429e+10,0
-8.62054e+09,-1.50839e+10,-1.07374e+10
-8.62054e+09,-1.50839e+10,-1.07374e+10
9.32238e+09,-5.32779e+09,-1.73735e+10
9.75614e+09,-1.79429e+10,0
9.32238e+09,-5.32779e+09,-1.73735e+10
9.75614e+09,-1.79429e+10,0
2.04117e+10,7.01843e+08,0
9.32238e+09,-5.32779e+09,-1.73735e+10
2.04117e+10,7.01843e+08,0
9.75614e+09,-1.79429e+10,0
2.04117e+10,7.01843e+08,0
9.75614e+09,-1.79429e+10,0
9.32238e+09,-5.32779e+09,1.73735e+10
2.04117e+10,7.01843e+08,0
9.32238e+09,-5.32779e+09,1.73735e+10
9.75614e+09,-1.79429e+10,0
-8.62054e+09,-1.50839e+10,1.07374e+10
9.75614e+09,-1.79429e+10,0
9.32238e+09,-5.32779e+09,1.73735e+10
-8.62054e+09,-1.50839e+10,1.07374e+10
9.32238e+09,-5.32779e+09,1.73735e+10
-8.62054e+09,-1.50839e+10,1.07374e+10
-9.32238e+09,5.32779e+09,1.73735e+10
-8.62054e+09,-1.50839e+10,1.07374e+10
-2.04117e+10,-7.01843e+08,0
-2.04117e+10,-7.01843e+08,0
-9.32238e+09,5.32779e+09,1.73735e+10
-8.62054e+09,-1.50839e+10,1.07374e+10
-2.04117e+10,-7.01843e+08,0
-8.62054e+09,-1.50839e+10,1.07374e+10
-8.62054e+09,-1.50839e+10,-1.07374e+10
-2.04117e+10,-7.01843e+08,0
-8.62054e+09,-1.50839e+10,-1.07374e+10
-2.04117e+10,-7.01843e+08,0
-9.32238e+09,5.32779e+09,-1.73735e+10
-2.04117e+10,-7.01843e+08,0
-8.62054e+09,-1.50839e+10,-1.07374e+10
-8.62054e+09,-1.50839e+10,-1.07374e+10
-9.32238e+09,5.32779e+09,-1.73735e+10
-9.32238e+09,5.32779e+09,-1.73735e+10
-8.62054e+09,-1.50839e+10,-1.07374e+10
-9.32238e+09,5.32779e+09,-1.73735e+10
9.32238e+09,-5.32779e+09,-1.73735e+10
-8.62054e+09,-1.50839e+10,-1.07374e+10
9.32238e+09,-5.32779e+09,-1.73735e+10
-9.32238e+09,5.32779e+09,-1.73735e+10
9.32238e+09,-5.32779e+09,-1.73735e+10
-9.32238e+09,5.32779e+09,-1.73735e+10
8.62054e+09,1.50839e+10,-1.07374e+10
9.32238e+09,-5.32779e+09,-1.73735e+10
8.62054e+09,1.50839e+10,-1.07374e+10
9.32238e+09,-5.32779e+09,-1.73735e+10
2.04117e+10,7.01843e+08,0
9.32238e+09,-5.32779e+09,-1.73735e+10
8.62054e+09,1.50839e+10,-1.07374e+10
2.04117e+10,7.01843e+08,0
8.62054e+09,1.50839e+10,-1.07374e+10
2.04117e+10,7.01843e+08,0
8.62054e+09,1.50839e+10,1.07374e+10
2.04117e+10,7.01843e+08,0
8.62054e+09,1.50839e+10,-1.07374e+10
8.62054e+09,1.50839e+10,1.07374e+10
8.62054e+09,1.50839e+10,-1.07374e+10
2.04117e+10,7.01843e+08,0
9.32238e+09,-5.32779e+09,1.73735e+10
2.04117e+10,7.01843e+08,0
8.62054e+09,1.50839e+10,1.07374e+10
9.32238e+09,-5.32779e+09,1.73735e+10
8.62054e+09,1.50839e+10,1.07374e+10
9.32238e+09,-5.32779e+09,1.73735e+10
-9.32238e+09,5.32779e+09,1.73735e+10
9.32238e+09,-5.32779e+09,1.73735e+10
8.62054e+09,1.50839e+10,1.07374e+10
-9.32238e+09,5.32779e+09,1.73735e+10
8.62054e+09,1.50839e+10,1.07374e+10
-9.32238e+09,5.32779e+09,1.73735e+10
9.32238e+09,-5.32779e+09,1.73735e+10
-9.32238e+09,5.32779e+09,1.73735e+10
-8.62054e+09,-1.50839e+10,1.07374e+10
-8.62054e+09,-1.50839e+10,1.07374e+10
9.32238e+09,-5.32779e+09,1.73735e+10
